Epochs    TL                  TA                  VL                  VA                  Time                
1         1.46917458804       0.333333333333      1.08580870588       0.333333333333      0.00304794311523    
2         1.05050925129       0.333333333333      0.992098428532      0.333333333333      0.00140404701233    
3         0.96813978983       0.4                 0.940343715089      0.573333333333      0.000853061676025   
4         0.924302886997      0.733333333333      0.902303527115      0.653333333333      0.000841856002808   
5         0.88542004105       0.666666666667      0.855875148565      0.68                0.000932931900024   
6         0.833099071578      0.693333333333      0.821027574256      0.68                0.00184202194214    
7         0.80581853469       0.68                0.793664082107      0.706666666667      0.00172901153564    
8         0.775901690628      0.68                0.770125480521      0.733333333333      0.00155806541443    
9         0.761196941083      0.746666666667      0.749327520597      0.68                0.00146317481995    
10        0.739201373088      0.68                0.730688455423      0.746666666667      0.0015721321106     
11        0.716692802105      0.72                0.714164471275      0.826666666667      0.00156092643738    
12        0.706429938519      0.84                0.700945645578      0.666666666667      0.00145602226257    
13        0.684666483085      0.666666666667      0.685514199177      0.773333333333      0.00344395637512    
14        0.682940587656      0.773333333333      0.673671972361      0.826666666667      0.00178909301758    
15        0.662186953128      0.733333333333      0.662911554602      0.853333333333      0.00150394439697    
16        0.647710835758      0.88                0.652911239874      0.72                0.00148510932922    
17        0.640441279063      0.733333333333      0.643749178411      0.746666666667      0.00154519081116    
18        0.63101554324       0.826666666667      0.635281945139      0.693333333333      0.00171899795532    
19        0.620336012176      0.746666666667      0.626279282821      0.733333333333      0.00153493881226    
20        0.614550468973      0.813333333333      0.619701537429      0.68                0.00193905830383    
21        0.603635935794      0.706666666667      0.610134926337      0.826666666667      0.00160098075867    
22        0.6027026193        0.92                0.604501224418      0.693333333333      0.00143504142761    
23        0.599740390297      0.786666666667      0.598906199437      0.68                0.00138688087463    
24        0.592115412074      0.853333333333      0.593101139198      0.68                0.00111103057861    
25        0.57779675348       0.68                0.582743719535      0.933333333333      0.000827789306641   
26        0.582168684134      0.746666666667      0.579149634319      0.96                0.000809192657471   
27        0.563540580436      0.96                0.570544740691      0.786666666667      0.000815868377686   
28        0.55593445309       0.76                0.564322217773      0.906666666667      0.000979900360107   
29        0.558848328723      0.8                 0.558834182567      0.933333333333      0.00149011611938    
30        0.549598122606      0.906666666667      0.554927990126      0.746666666667      0.00138115882874    
31        0.538003869325      0.773333333333      0.547793762822      0.866666666667      0.0013279914856     
32        0.537180424758      0.92                0.543607063415      0.8                 0.00135588645935    
33        0.536434372945      0.76                0.537627003329      0.893333333333      0.00123000144958    
34        0.523411493048      0.866666666667      0.533161087184      0.866666666667      0.00150299072266    
35        0.517805183134      0.853333333333      0.528504929755      0.866666666667      0.00148510932922    
36        0.51680004506       0.88                0.523893980971      0.866666666667      0.00146794319153    
37        0.519997287475      0.826666666667      0.519394232399      0.893333333333      0.00144004821777    
38        0.504933190168      0.893333333333      0.515391046587      0.866666666667      0.00138282775879    
39        0.50145294214       0.826666666667      0.511017249097      0.933333333333      0.00144290924072    
40        0.503202189189      0.893333333333      0.507445277445      0.866666666667      0.000967979431152   
41        0.501682273237      0.813333333333      0.503082958032      0.933333333333      0.0012891292572     
42        0.488768681419      0.92                0.499137146311      0.906666666667      0.00114703178406    
43        0.484670065701      0.92                0.495404635778      0.906666666667      0.00129508972168    
44        0.486081927219      0.866666666667      0.492524158703      0.946666666667      0.00147914886475    
45        0.482033700763      0.92                0.488274065288      0.933333333333      0.0010941028595     
46        0.47470780178       0.92                0.484692263955      0.933333333333      0.000859022140503   
47        0.47300259137       0.946666666667      0.482043528251      0.866666666667      0.000827074050903   
48        0.471886338537      0.8                 0.478455391246      0.946666666667      0.00101900100708    
49        0.468249590386      0.946666666667      0.474670311541      0.933333333333      0.000820159912109   
50        0.460589695041      0.92                0.471455211648      0.92                0.00080418586731    
51        0.460527230584      0.866666666667      0.469241694419      0.946666666667      0.00080394744873    
52        0.456490645167      0.973333333333      0.465350164966      0.933333333333      0.000811815261841   
53        0.454704037011      0.906666666667      0.462266054253      0.933333333333      0.00160694122314    
54        0.458986595923      0.88                0.459321567214      0.946666666667      0.00146198272705    
55        0.4464084017        0.933333333333      0.456450396838      0.933333333333      0.000890016555786   
56        0.448211558728      0.946666666667      0.453558362201      0.933333333333      0.000847101211548   
57        0.448258097481      0.933333333333      0.451478135525      0.893333333333      0.000815153121948   
58        0.442847904497      0.866666666667      0.449225952084      0.973333333333      0.000917911529541   
59        0.445165750508      0.946666666667      0.445765924574      0.906666666667      0.00081205368042    
60        0.434528231984      0.946666666667      0.443190485759      0.906666666667      0.000925064086914   
61        0.432348983165      0.866666666667      0.440611120242      0.946666666667      0.000816106796265   
62        0.429345476711      0.946666666667      0.437885066042      0.946666666667      0.000806093215942   
63        0.454198758218      0.84                0.439535065828      0.946666666667      0.00105690956116    
64        0.426586955931      0.973333333333      0.432810931596      0.933333333333      0.000811100006104   
65        0.421582616159      0.893333333333      0.430265874815      0.946666666667      0.000807046890259   
66        0.419742602537      0.946666666667      0.427943213026      0.933333333333      0.00089693069458    
67        0.414830874258      0.92                0.425405493589      0.946666666667      0.000897884368896   
68        0.4130635853        0.92                0.42323085147       0.946666666667      0.000827074050903   
69        0.416416546025      0.933333333333      0.420843149981      0.946666666667      0.000825881958008   
70        0.412341412134      0.92                0.419202982439      0.92                0.000808000564575   
71        0.413078609698      0.933333333333      0.41780759548       0.906666666667      0.000801086425781   
72        0.413879725622      0.933333333333      0.416963952968      0.893333333333      0.000801801681519   
73        0.409606902906      0.893333333333      0.41203879922       0.946666666667      0.00098991394043    
74        0.399823768039      0.92                0.41005207562       0.96                0.00147008895874    
75        0.402119093554      0.96                0.407852379976      0.946666666667      0.000908136367798   
76        0.396956788276      0.92                0.405615314186      0.946666666667      0.000838041305542   
77        0.393210609174      0.973333333333      0.403572815836      0.946666666667      0.000977039337158   
78        0.393246745595      0.933333333333      0.402644718666      0.933333333333      0.00154590606689    
79        0.399424513097      0.866666666667      0.399531086616      0.946666666667      0.0014169216156     
80        0.387716553409      0.946666666667      0.3976885241        0.96                0.00104403495789    
81        0.388180592405      0.946666666667      0.395450531106      0.946666666667      0.00110793113708    
82        0.386200773889      0.96                0.395001421386      0.933333333333      0.00101113319397    
83        0.383857032393      0.92                0.391968788517      0.946666666667      0.000824928283691   
84        0.381226398066      0.946666666667      0.390791720863      0.933333333333      0.000822067260742   
85        0.380946229885      0.906666666667      0.388653273148      0.973333333333      0.000813007354736   
86        0.376449156893      0.96                0.385886429155      0.946666666667      0.00084400177002    
87        0.376228966763      0.96                0.384448845705      0.946666666667      0.000932931900024   
88        0.372951864843      0.96                0.382365726947      0.946666666667      0.00115299224854    
89        0.376635204576      0.96                0.382706264551      0.92                0.001384973526      
90        0.370344917963      0.933333333333      0.379066487076      0.946666666667      0.000920057296753   
91        0.366664143226      0.92                0.377165613906      0.973333333333      0.0010769367218     
92        0.367136031326      0.96                0.375107675743      0.96                0.000822067260742   
93        0.362208428689      0.96                0.373276072462      0.946666666667      0.000823020935059   
94        0.36146879604       0.96                0.371647333756      0.973333333333      0.000817060470581   
95        0.367346309222      0.946666666667      0.371854507072      0.96                0.000811815261841   
96        0.360186695598      0.973333333333      0.368161731348      0.946666666667      0.000802040100098   
97        0.359268429124      0.933333333333      0.366450840576      0.96                0.000947952270508   
98        0.355067714338      0.96                0.364882852365      0.973333333333      0.000982999801636   
99        0.35234199749       0.973333333333      0.363254171675      0.946666666667      0.000820159912109   
100       0.35071827594       0.933333333333      0.361666659039      0.973333333333      0.00124216079712    
101       0.348872073012      0.973333333333      0.359834103778      0.946666666667      0.0014328956604     
102       0.352304725536      0.973333333333      0.35903166252       0.946666666667      0.00139999389648    
103       0.347294175502      0.92                0.356654634772      0.973333333333      0.0012309551239     
104       0.351790348889      0.96                0.355162064063      0.946666666667      0.00117611885071    
105       0.342321280994      0.96                0.35345558528       0.96                0.00116491317749    
106       0.341365788635      0.973333333333      0.351920266711      0.946666666667      0.000825881958008   
107       0.339846948599      0.973333333333      0.35053996581       0.946666666667      0.00114107131958    
108       0.340064331846      0.946666666667      0.348762048509      0.96                0.001305103302      
109       0.338193027638      0.933333333333      0.348163079258      0.973333333333      0.0011510848999     
110       0.334924522986      0.973333333333      0.345708110964      0.96                0.000823020935059   
111       0.333163366487      0.96                0.344231411428      0.973333333333      0.000808954238892   
112       0.334271085535      0.946666666667      0.343442310749      0.973333333333      0.00080418586731    
113       0.331530360455      0.973333333333      0.341260405985      0.973333333333      0.000804901123047   
114       0.33485373658       0.933333333333      0.339828891844      0.973333333333      0.000801801681519   
115       0.329515799022      0.973333333333      0.338836229066      0.973333333333      0.000802993774414   
116       0.329457986144      0.946666666667      0.339228993317      0.946666666667      0.000789880752563   
117       0.325079685857      0.933333333333      0.335502402834      0.96                0.000791072845459   
118       0.323641685257      0.96                0.334285762901      0.946666666667      0.00112104415894    
119       0.321807357357      0.96                0.33262924031       0.973333333333      0.000941038131714   
120       0.321364710878      0.973333333333      0.33138756948       0.946666666667      0.00081205368042    
121       0.319471067034      0.973333333333      0.330401570509      0.946666666667      0.00115013122559    
122       0.319268261344      0.96                0.329316056887      0.973333333333      0.00134301185608    
123       0.317587116125      0.973333333333      0.327572090625      0.973333333333      0.0013370513916     
124       0.317877255883      0.96                0.32600917976       0.973333333333      0.00115990638733    
125       0.315775709841      0.973333333333      0.325101811085      0.973333333333      0.000799179077148   
126       0.315547483623      0.973333333333      0.323076764105      0.973333333333      0.00112986564636    
127       0.311503458972      0.96                0.321944747651      0.973333333333      0.0014111995697     
128       0.324328270226      0.946666666667      0.321039962923      0.973333333333      0.00148105621338    
129       0.310722735141      0.973333333333      0.319381515997      0.946666666667      0.00124621391296    
130       0.327175105623      0.906666666667      0.318573953346      0.946666666667      0.00123906135559    
131       0.329451323724      0.92                0.318853660531      0.946666666667      0.00117206573486    
132       0.315674161317      0.96                0.318685276032      0.946666666667      0.000829935073853   
133       0.303968975302      0.933333333333      0.31398391183       0.973333333333      0.000818014144897   
134       0.301821634363      0.973333333333      0.312970442922      0.946666666667      0.000811100006104   
135       0.304892158977      0.946666666667      0.311507667441      0.973333333333      0.000808954238892   
136       0.306383122399      0.986666666667      0.31168658239       0.946666666667      0.00109887123108    
137       0.301860824086      0.96                0.310879078739      0.946666666667      0.00143790245056    
138       0.301414779512      0.946666666667      0.308965121576      0.973333333333      0.00130200386047    
139       0.298475334601      0.973333333333      0.306425391457      0.973333333333      0.00125098228455    
140       0.295741456395      0.986666666667      0.305843169792      0.946666666667      0.00141882896423    
141       0.298119842006      0.933333333333      0.305826864344      0.96                0.00130105018616    
142       0.293520116543      0.973333333333      0.302825600564      0.973333333333      0.00112700462341    
143       0.296464573854      0.946666666667      0.303290412381      0.96                0.000889778137207   
144       0.297744621098      0.96                0.303227232897      0.946666666667      0.00132989883423    
145       0.288725420962      1.0                 0.299346078479      0.973333333333      0.00137615203857    
146       0.286819934558      0.973333333333      0.298285770411      0.973333333333      0.0014169216156     
147       0.29293545039       0.973333333333      0.29877830048       0.946666666667      0.00132918357849    
148       0.292247146666      0.96                0.29667863517       0.946666666667      0.00133085250854    
149       0.283042031298      0.96                0.294669404409      0.973333333333      0.00119304656982    
150       0.286272612721      0.96                0.293538282808      0.973333333333      0.00116109848022    
151       0.28063099596       0.973333333333      0.292477240763      0.973333333333      0.000921964645386   
152       0.280075994605      0.973333333333      0.291363789786      0.973333333333      0.00111603736877    
153       0.278160119946      0.973333333333      0.29018722456       0.973333333333      0.00135207176208    
154       0.278682470276      0.973333333333      0.289094929056      0.973333333333      0.00123381614685    
155       0.276070472508      0.973333333333      0.287938799762      0.973333333333      0.00123715400696    
156       0.275329213162      0.973333333333      0.286887497119      0.973333333333      0.00140500068665    
157       0.274789965651      0.96                0.285818598         0.973333333333      0.00144410133362    
158       0.273621114352      0.973333333333      0.284747938793      0.973333333333      0.00144195556641    
159       0.274471931702      0.973333333333      0.28368749598       0.973333333333      0.000844955444336   
160       0.271293161469      0.973333333333      0.28280065464       0.973333333333      0.000820159912109   
161       0.276662483685      0.96                0.286123718585      0.946666666667      0.000817060470581   
162       0.276764542891      0.96                0.283385909836      0.946666666667      0.00134491920471    
163       0.269990409716      0.96                0.280208184869      0.973333333333      0.00082802772522    
164       0.267590114641      0.986666666667      0.279124080061      0.96                0.0010290145874     
165       0.278597831204      0.946666666667      0.277535802105      0.973333333333      0.00120186805725    
166       0.265457664489      0.973333333333      0.27679724973       0.973333333333      0.0014181137085     
167       0.273437951328      0.946666666667      0.275465439485      0.973333333333      0.00146698951721    
168       0.262217201856      0.973333333333      0.274425781423      0.973333333333      0.00145101547241    
169       0.27041282603       0.973333333333      0.273628318508      0.973333333333      0.00150799751282    
170       0.264711231049      0.96                0.273581983702      0.973333333333      0.0014820098877     
171       0.262659818693      0.986666666667      0.271431604809      0.973333333333      0.00140118598938    
172       0.257776876631      0.973333333333      0.270550112652      0.973333333333      0.00145316123962    
173       0.258800249213      0.973333333333      0.270338593214      0.96                0.00124406814575    
174       0.256723261942      0.96                0.268529252691      0.973333333333      0.00083589553833    
175       0.256527506997      0.973333333333      0.268625722655      0.96                0.00142788887024    
176       0.259054344076      0.973333333333      0.266946313068      0.973333333333      0.00135493278503    
177       0.253705963677      0.973333333333      0.265916928333      0.973333333333      0.00143003463745    
178       0.256821767335      0.973333333333      0.265409101519      0.973333333333      0.00130295753479    
179       0.259689366565      0.96                0.266377010886      0.946666666667      0.0014340877533     
180       0.257514644035      0.96                0.264394909254      0.96                0.00137686729431    
181       0.254945903483      0.96                0.26194631241       0.973333333333      0.00133681297302    
182       0.249835977319      0.986666666667      0.262349573817      0.96                0.0014181137085     
183       0.256890408123      0.946666666667      0.261466066284      0.973333333333      0.00142002105713    
184       0.249526239435      0.973333333333      0.260150156249      0.973333333333      0.00147795677185    
185       0.246106880402      0.973333333333      0.258422085063      0.973333333333      0.00149297714233    
186       0.247122849182      0.973333333333      0.258239651787      0.973333333333      0.00136590003967    
187       0.245049540133      0.973333333333      0.256769168382      0.973333333333      0.00122618675232    
188       0.243659060299      0.973333333333      0.255967146342      0.973333333333      0.0011579990387     
189       0.249678011193      0.986666666667      0.25506321098       0.973333333333      0.000827074050903   
190       0.244020524043      0.96                0.256515573901      0.946666666667      0.00080394744873    
191       0.241364759774      0.973333333333      0.253487859849      0.973333333333      0.000869989395142   
192       0.241515727833      0.973333333333      0.253788537805      0.96                0.00123190879822    
193       0.241321854604      0.96                0.252148359069      0.973333333333      0.00118899345398    
194       0.246753674904      0.986666666667      0.25205082086       0.96                0.000884771347046   
195       0.240323202435      0.973333333333      0.25011147917       0.973333333333      0.00081205368042    
196       0.237544511057      0.986666666667      0.248733909064      0.973333333333      0.000844955444336   
197       0.236647634422      0.973333333333      0.24831849763       0.973333333333      0.00180006027222    
198       0.236777848598      0.973333333333      0.247116942826      0.973333333333      0.00137710571289    
199       0.234475723989      0.973333333333      0.246723071698      0.973333333333      0.00106811523438    
200       0.239750160081      0.96                0.249225520997      0.946666666667      0.0014488697052     
201       0.233900625098      0.96                0.245051463354      0.973333333333      0.0012640953064     
202       0.231594312643      0.973333333333      0.244112800302      0.973333333333      0.00142192840576    
203       0.231134752637      0.986666666667      0.243679381935      0.973333333333      0.00126194953918    
204       0.234537810292      0.973333333333      0.242186093116      0.973333333333      0.00138902664185    
205       0.228986585507      0.986666666667      0.242310187711      0.973333333333      0.00125408172607    
206       0.232040516442      0.96                0.240972926628      0.973333333333      0.0014021396637     
207       0.227153299741      0.986666666667      0.239767379697      0.973333333333      0.00143599510193    
208       0.228024474949      0.986666666667      0.239207893887      0.973333333333      0.000984191894531   
209       0.22504235169       0.973333333333      0.23884650924       0.973333333333      0.000853061676025   
210       0.223670068034      0.973333333333      0.237363029718      0.973333333333      0.000809907913208   
211       0.228848347552      0.946666666667      0.240558924865      0.946666666667      0.00091290473938    
212       0.223331178163      0.973333333333      0.236049488441      0.973333333333      0.00104999542236    
213       0.232885277061      0.946666666667      0.2364733144        0.96                0.000802993774414   
214       0.221393446237      0.973333333333      0.235395133854      0.973333333333      0.00114393234253    
215       0.224624549181      0.986666666667      0.237042926194      0.946666666667      0.00132513046265    
216       0.218684727293      0.96                0.232609904055      0.973333333333      0.00125098228455    
217       0.224165979156      0.973333333333      0.232286399435      0.973333333333      0.0013279914856     
218       0.216549895838      0.973333333333      0.231075580579      0.973333333333      0.00135493278503    
219       0.217414487904      0.973333333333      0.230594713315      0.973333333333      0.00149178504944    
220       0.215124566994      0.973333333333      0.229663980882      0.973333333333      0.00142693519592    
221       0.213809211595      0.973333333333      0.228875260705      0.973333333333      0.000868082046509   
222       0.214242764838      0.986666666667      0.228179021937      0.973333333333      0.000829935073853   
223       0.213076367203      0.973333333333      0.228183560061      0.973333333333      0.00081205368042    
224       0.211872683418      0.973333333333      0.226922274303      0.973333333333      0.00082802772522    
225       0.212336214964      0.973333333333      0.226900011404      0.973333333333      0.00129199028015    
226       0.210671897187      0.973333333333      0.225614329688      0.973333333333      0.00123500823975    
227       0.21131708262       0.973333333333      0.224986342056      0.973333333333      0.000869035720825   
228       0.212450448714      0.973333333333      0.224201135375      0.973333333333      0.00142383575439    
229       0.212726159165      0.973333333333      0.223501799008      0.973333333333      0.00147604942322    
230       0.209310059065      0.986666666667      0.223343240699      0.973333333333      0.00148487091064    
231       0.207917299375      0.973333333333      0.222937396665      0.973333333333      0.00144791603088    
232       0.209631289736      0.973333333333      0.221920265587      0.973333333333      0.00137805938721    
233       0.206449731231      0.96                0.221598331084      0.973333333333      0.00124287605286    
234       0.204811756006      0.973333333333      0.22033656274       0.973333333333      0.00080394744873    
235       0.20526096656       0.973333333333      0.219635316525      0.973333333333      0.00104808807373    
236       0.204748642116      0.973333333333      0.219070675629      0.973333333333      0.00086784362793    
237       0.208056030035      0.973333333333      0.219678039536      0.96                0.00110101699829    
238       0.206040933869      0.986666666667      0.218358836808      0.973333333333      0.000892877578735   
239       0.208247204314      0.973333333333      0.218510098262      0.973333333333      0.000882863998413   
240       0.205079144862      0.973333333333      0.216417323322      0.973333333333      0.000882863998413   
241       0.201209518964      0.973333333333      0.216344718562      0.973333333333      0.000849008560181   
242       0.199660543713      1.0                 0.216007783832      0.973333333333      0.000811100006104   
243       0.199546818264      0.973333333333      0.215071101138      0.973333333333      0.0012149810791     
244       0.197748462114      0.973333333333      0.214126958491      0.973333333333      0.00141191482544    
245       0.200048268005      0.973333333333      0.214394548549      0.973333333333      0.0014009475708     
246       0.198366092645      0.973333333333      0.21298205381       0.973333333333      0.00148987770081    
247       0.199009505285      0.986666666667      0.212842445419      0.973333333333      0.00104188919067    
248       0.198599745361      0.973333333333      0.212836630072      0.973333333333      0.000849008560181   
249       0.198107035087      0.96                0.211258682262      0.973333333333      0.000862836837769   
250       0.19521416537       0.986666666667      0.21069663134       0.973333333333      0.00114989280701    
251       0.193058511119      0.973333333333      0.2101488608        0.973333333333      0.00117993354797    
252       0.1954034605        0.973333333333      0.209493952393      0.973333333333      0.000934839248657   
253       0.194118665502      0.986666666667      0.209329454324      0.973333333333      0.00102400779724    
254       0.193394138996      0.973333333333      0.208470241783      0.973333333333      0.000854015350342   
255       0.191090606748      0.986666666667      0.207926796647      0.973333333333      0.00082802772522    
256       0.19273428096       0.986666666667      0.208662169161      0.973333333333      0.000860929489136   
257       0.189889538474      0.973333333333      0.206720751096      0.973333333333      0.00093412399292    
258       0.191651313917      0.973333333333      0.20794086738       0.96                0.00119495391846    
259       0.188682470599      0.973333333333      0.205642998501      0.973333333333      0.000941038131714   
260       0.189486713432      0.986666666667      0.205243056157      0.973333333333      0.000838041305542   
261       0.191630476353      0.973333333333      0.204573140252      0.973333333333      0.00084114074707    
262       0.187926729099      0.973333333333      0.204825780452      0.973333333333      0.000945091247559   
263       0.187027790114      0.973333333333      0.203527879651      0.973333333333      0.0015709400177     
264       0.187848334568      0.973333333333      0.203822930817      0.973333333333      0.0013861656189     
265       0.191465338353      0.973333333333      0.202532695171      0.973333333333      0.00138306617737    
266       0.191317429303      0.986666666667      0.203739194183      0.973333333333      0.000872135162354   
267       0.184282814092      0.973333333333      0.201482783772      0.973333333333      0.00136613845825    
268       0.187871907476      0.973333333333      0.204685223673      0.96                0.0013530254364     
269       0.185333045045      0.973333333333      0.201171175677      0.973333333333      0.00146698951721    
270       0.189504546852      0.96                0.200386294062      0.973333333333      0.00145196914673    
271       0.182115230941      0.973333333333      0.199510138887      0.973333333333      0.00143194198608    
272       0.183908484142      0.973333333333      0.200073945916      0.973333333333      0.00143790245056    
273       0.182066691741      0.986666666667      0.198837667575      0.973333333333      0.00144195556641    
274       0.184264969061      0.973333333333      0.199820903156      0.96                0.00107908248901    
275       0.180985038513      0.973333333333      0.197753542621      0.973333333333      0.000888824462891   
276       0.179748699404      0.973333333333      0.197456503308      0.973333333333      0.000828981399536   
277       0.180147493653      0.986666666667      0.197665796606      0.973333333333      0.000816106796265   
278       0.183317027692      0.973333333333      0.196244086021      0.973333333333      0.000779867172241   
279       0.185448090708      0.973333333333      0.195851453125      0.973333333333      0.00133681297302    
280       0.177445384964      0.986666666667      0.195505390033      0.973333333333      0.00135707855225    
281       0.177544403185      0.986666666667      0.19478330137       0.973333333333      0.00128102302551    
282       0.177782566117      0.986666666667      0.195405478568      0.973333333333      0.00136995315552    
283       0.176701367085      0.973333333333      0.193839784684      0.973333333333      0.000848054885864   
284       0.179934650168      0.973333333333      0.193699770216      0.973333333333      0.000823974609375   
285       0.176124694418      0.986666666667      0.193166547176      0.973333333333      0.000818967819214   
286       0.176799421419      0.986666666667      0.192540324765      0.973333333333      0.000928163528442   
287       0.173978394183      0.986666666667      0.192744670923      0.973333333333      0.000817060470581   
288       0.179731400341      0.973333333333      0.191921222882      0.973333333333      0.000813961029053   
289       0.176322610799      0.973333333333      0.191847356856      0.973333333333      0.000813007354736   
290       0.173333521997      0.986666666667      0.190677585923      0.973333333333      0.00123190879822    
291       0.171649391287      0.973333333333      0.190260157354      0.973333333333      0.0013370513916     
292       0.172522089231      0.973333333333      0.190161590299      0.973333333333      0.00134706497192    
293       0.173262441939      0.986666666667      0.191502338497      0.96                0.00121402740479    
294       0.171644624136      0.973333333333      0.189452913422      0.973333333333      0.00118684768677    
295       0.17075595282       0.973333333333      0.188664958875      0.973333333333      0.00119209289551    
296       0.171080566155      0.986666666667      0.188122402333      0.973333333333      0.00151991844177    
297       0.169740951956      0.973333333333      0.189002221322      0.973333333333      0.00133013725281    
298       0.173217130599      0.973333333333      0.18765353869       0.973333333333      0.00103402137756    
299       0.16766571756       0.986666666667      0.186859124382      0.973333333333      0.00127816200256    
300       0.167114385347      0.986666666667      0.186817062633      0.973333333333      0.00145602226257    
